0 30
1 45
2 36
3 66
4 92
5 91
6 14
7 72
8 6
9 76
10 96
11 4
12 50
13 7
14 52
15 21
16 70
17 56
18 65
19 1
20 44
21 43
22 67
23 54
24 12
25 82
26 77
27 0
28 57
29 13
30 60
31 84
32 16
33 94
34 73
35 25
36 55
37 75
38 17
39 97
40 89
41 27
42 23
43 90
44 37
45 11
46 49
47 81
48 128
49 105
50 141
51 88
52 98
53 46
54 53
55 127
56 41
57 68
58 112
59 148
60 102
61 118
62 20
63 33
64 38
65 103
66 15
67 113
68 145
69 101
70 3
71 123
72 143
73 24
74 10
75 80
76 131
77 31
78 47
79 111
80 147
81 32
82 95
83 35
84 132
85 59
86 48
87 109
88 39
89 26
90 69
91 139
92 40
93 8
94 129
95 34
96 119
97 61
98 100
99 64
100 58
101 108
102 62
103 63
104 99
105 22
106 107
107 104
108 78
109 120
110 71
111 122
112 130
113 5
114 19
115 135
116 18
117 29
118 106
119 125
120 9
121 116
122 74
123 2
124 140
125 93
126 79
127 142
128 133
129 28
130 115
131 134
132 87
133 137
134 42
135 51
136 117
137 85
138 110
139 124
140 146
141 144
142 86
143 83
144 121
145 114
146 126
147 136
148 138
149 149
