0 0
1 45
2 36
3 66
4 21
5 92
6 4
7 6
8 14
9 76
10 25
11 96
12 15
13 67
14 50
15 94
16 7
17 12
18 52
19 37
20 10
21 56
22 84
23 80
24 1
25 44
26 54
27 82
28 77
29 53
30 30
31 13
32 9
33 60
34 16
35 73
36 75
37 17
38 55
39 57
40 89
41 85
42 90
43 38
44 27
45 86
46 105
47 11
48 49
49 81
50 103
51 3
52 102
53 46
54 18
55 68
56 39
57 64
58 41
59 98
60 97
61 88
62 79
63 35
64 23
65 43
66 70
67 91
68 34
69 99
70 101
71 20
72 47
73 95
74 33
75 59
76 32
77 24
78 31
79 2
80 8
81 69
82 61
83 100
84 58
85 19
86 40
87 5
88 26
89 72
90 87
91 22
92 71
93 65
94 62
95 29
96 63
97 74
98 78
99 93
100 42
101 51
102 48
103 83
104 28
105 104
