7427 7099 34 1
26519 6819 30 1
3671 1337 4 1
297 291 9 1
5594 151 27 1
8596 10 7 1
11472 1209 21 1
2671 5974 24 1
10023 40 4 1
27637 26441 30 1
9804 40 4 1
28847 21024 30 1
17179 2815 6 1
28866 26441 30 1
1945 40 4 1
26502 211 4 1
12291 4561 6 1
5582 4691 25 1
19 20886 4 1
8812 40 4 1
10334 2061 17 1
5938 11742 36 1
7192 26441 30 1
322 40 4 1
6045 6086 35 1
2620 1641 52 1
16498 23106 52 1
34086 8338 4 1
13767 10 7 1
1082 8 66 1
20202 30027 25 1
29382 26441 30 1
2836 1209 21 1
904 1641 52 1
3704 40 4 1
78 16505 10 1
1550 1387 21 1
23116 3611 52 1
24143 26441 30 1
68 23349 60 1
9787 40 4 1
5692 1387 21 1
8811 40 4 1
27475 12519 15 1
6701 1561 52 1
7489 6819 30 1
2168 35650 10 1
15098 1209 21 1
20725 26441 30 1
132 40 4 1
5397 12901 21 1
169 200 4 1
1057 20886 4 1
9854 40 4 1
5572 4691 25 1
1655 200 4 1
16558 5193 21 1
22711 4286 27 1
10609 23020 21 1
244 5584 4 1
10851 23015 21 1
9614 40 4 1
1800 5 7 1
9541 40 4 1
8807 40 4 1
1949 6044 22 1
17507 873 0 1
5607 5584 4 1
4 62 5 1
11608 1482 21 1
16498 33967 52 1
10079 40 4 1
7636 6819 30 1
19 5584 4 1
4558 10 7 1
9274 33003 68 1
6877 138 13 1
30167 211 4 1
24886 291 55 1
24208 26441 30 1
9673 40 4 1
8806 40 4 1
1153 23020 21 1
8821 4234 27 1
17507 30027 25 1
20530 30079 25 1
7347 23206 34 1
21017 34569 31 1
6046 14417 48 1
25877 211 4 1
35055 23209 56 1
8802 40 4 1
20261 30027 25 1
10774 4399 71 1
35572 33033 30 1
2010 1209 21 1
26918 26441 30 1
31046 122 7 1
21183 3917 27 1
7628 7627 34 1
5586 5584 4 1
1570 1690 21 1
5576 135 0 1
11608 956 6 1
17086 197 7 1
3615 40 4 1
24512 26441 30 1
2511 2584 4 1
10105 40 4 1
18752 1209 21 1
1949 23093 22 1
9249 5173 14 1
5152 14831 30 1
8809 40 4 1
9311 1 7 1
27047 14831 30 1
438 546 44 1
2168 35285 10 1
20415 30027 25 1
158 5584 4 1
27683 26441 30 1
9503 17799 2 1
5999 2845 6 1
93 5297 27 1
5277 5584 4 1
7 5584 4 1
6884 4919 57 1
9788 40 4 1
7883 33994 30 1
438 262 44 1
100 5584 4 1
24609 211 4 1
27693 26441 30 1
1421 40 4 1
11679 23015 21 1
167 77 13 1
1388 200 4 1
35461 8342 4 1
2733 6470 32 1
30233 14831 30 1
100 40 4 1
9869 40 4 1
141 1291 33 1
1795 1796 8 1
996 33 7 1
2168 33008 10 1
438 611 44 1
1633 22103 4 1
17668 1209 21 1
20027 30078 25 1
31122 23348 60 1
10024 40 4 1
7639 211 4 1
9199 1482 21 1
4324 488 33 1
20628 30079 25 1
26835 8393 4 1
7608 11533 15 1
20830 211 4 1
25753 33 66 1
1132 21367 12 1
25588 5 66 1
18402 26441 30 1
19102 26441 30 1
7768 126 55 1
23077 6701 52 1
32959 200 4 1
19292 211 4 1
28292 8853 16 1
22 995 17 1
9789 40 4 1
4411 1043 27 1
27747 26648 35 1
22418 21600 14 1
34149 34111 71 1
19708 30062 25 1
27152 6819 30 1
5219 4478 6 1
1530 2891 22 1
3611 1561 52 1
24886 109 55 1
3626 28810 34 1
3279 162 9 1
19484 30048 25 1
8810 40 4 1
33803 23510 56 1
18900 30027 25 1
34430 35567 4 1
4597 5618 3 1
27240 26441 30 1
1125 1337 4 1
16127 5599 14 1
35528 33033 30 1
6309 1535 21 1
5362 5346 25 1
132 5584 4 1
5345 35544 4 1
6450 5193 21 1
11511 6071 14 1
17244 1209 21 1
239 80 5 1
29673 26441 30 1
34145 164 27 1
24372 30803 49 1
9177 23178 60 1
27521 26441 30 1
29036 26441 30 1
492 40 4 1
20860 211 4 1
30216 211 4 1
13370 1364 6 1
9419 149 12 1
947 5584 4 1
10694 5376 14 1
17318 3021 6 1
131 40 4 1
93 1337 4 1
1122 1974 13 1
8959 211 4 1
10641 17746 14 1
7082 29328 13 1
27221 6819 30 1
5917 1853 4 1
15626 8 7 1
1553 1611 21 1
9526 40 4 1
927 23352 60 1
9473 1535 21 1
25645 33 66 1
438 231 44 1
10695 1482 21 1
9308 1482 21 1
15601 4399 71 1
3671 4023 4 1
4558 6461 50 1
5653 1209 21 1
16556 1209 21 1
4652 1688 21 1
20031 30027 25 1
7099 7427 35 1
10041 40 4 1
23514 211 4 1
7096 7099 35 1
30555 23122 52 1
93 502 4 1
27066 211 4 1
105 1482 21 1
9727 1482 21 1
27858 26441 30 1
1065 40 4 1
7347 28810 35 1
24678 6819 30 1
3671 502 4 1
10081 40 4 1
27685 26441 30 1
7423 14831 30 1
9693 40 4 1
531 124 5 1
23786 1209 21 1
9621 40 4 1
2538 33003 68 1
12928 6354 30 1
4193 1209 21 1
26648 27747 34 1
21183 1396 27 1
11571 23020 21 1
25627 109 55 1
19452 135 0 1
2019 26441 30 1
1041 4863 27 1
19395 30011 25 1
9853 40 4 1
1440 44 4 1
3645 40 4 1
89 1387 21 1
19418 30000 25 1
322 5584 4 1
5920 6044 22 1
3156 1209 21 1
16981 30058 25 1
3893 40 4 1
32971 1546 4 1
23545 1209 21 1
14405 40 4 1
35538 22421 52 1
29526 26441 30 1
30382 211 4 1
33660 33972 4 1
35103 1655 0 1
6837 26226 10 1
22349 321 0 1
355 452 9 1
29134 26441 30 1
3384 1387 21 1
24264 211 4 1
11571 23015 21 1
35327 6461 52 1
17543 4833 25 1
10036 40 4 1
22327 5526 14 1
29385 26441 30 1
11219 1535 21 1
29004 26441 30 1
7347 14831 30 1
30309 30310 4 1
362 5584 4 1
1710 1708 27 1
17697 1209 21 1
650 910 8 1
5600 1209 21 1
5460 664 4 1
23436 23445 35 1
6351 6819 30 1
7546 14831 30 1
8808 40 4 1
34300 26286 52 1
545 40 4 1
15783 15784 35 1
15334 1209 21 1
132 33670 4 1
4808 14831 30 1
4827 4833 25 1
28078 26441 30 1
35542 8338 4 1
7489 14831 30 1
29803 14831 30 1
34357 762 52 1
9459 23020 21 1
16568 33036 68 1
20008 30027 25 1
27094 27027 35 1
1065 5584 4 1
7423 6819 30 1
1728 26226 10 1
13830 19427 14 1
29583 14831 30 1
24886 126 55 1
35782 33033 30 1
7426 14831 30 1
10822 10540 4 1
8376 4919 57 1
7530 14831 30 1
916 135 7 1
10851 23020 21 1
9419 1507 21 1
10077 40 4 1
5978 1535 21 1
1609 1610 21 1
27221 14831 30 1
645 162 9 1
5978 1209 21 1
1394 1395 35 1
30789 26441 30 1
10528 33003 68 1
141 1290 33 1
1961 1209 21 1
5174 3150 25 1
3671 34375 4 1
6876 138 13 1
10609 23015 21 1
26652 26441 30 1
123 5584 4 1
1949 1610 21 1
15509 1387 21 1
33721 322 6 1
16950 1209 21 1
1019 1365 13 1
407 502 4 1
5334 40 4 1
24678 14831 30 1
7369 15333 30 1
5650 4 12 1
19962 30027 25 1
24795 26441 30 1
20201 30027 25 1
27475 3921 15 1
1849 40 4 1
9637 40 4 1
2842 1061 4 1
665 664 4 1
8805 40 4 1
34299 26286 52 1
35673 31041 52 1
9467 6866 32 1
28931 3156 16 1
11374 1209 21 1
22766 165 7 1
22329 19343 14 1
17061 1209 21 1
658 40 4 1
1516 625 14 1
132 34717 4 1
196 5584 4 1
5204 26226 10 1
5144 1482 21 1
4802 5 0 1
5554 138 0 1
26648 27749 35 1
2168 32957 10 1
18621 33686 10 1
1641 21002 52 1
18434 109 55 1
7344 14831 30 1
79 5584 4 1
11831 2057 6 1
1090 40 4 1
17143 1535 21 1
9433 33023 73 1
7429 14831 30 1
438 1794 44 1
9420 7 6 1
32729 168 7 1
2182 110 27 1
1019 445 13 1
7759 21024 30 1
22097 8400 14 1
669 23348 60 1
2064 1959 6 1
1657 34674 10 1
9466 131 12 1
3279 161 13 1
1949 2891 22 1
5920 2891 22 1
9815 40 4 1
4 40 4 1
12249 35102 38 1
16421 192 12 1
26216 33048 38 1
22329 19395 14 1
15784 15783 34 1
23943 14831 30 1
15521 33048 38 1
5652 4 6 1
5650 1950 24 1
57 23349 60 1
21041 1615 16 1
1122 1970 13 1
5290 2869 6 1
84 85 6 1
28080 14831 30 1
2168 35069 10 1
6837 12799 10 1
7305 26441 30 1
19061 4833 25 1
3934 2637 6 1
