0 30
1 36
2 12
3 82
4 45
5 38
6 21
7 4
8 6
9 14
10 37
11 68
12 25
13 24
14 16
15 15
16 50
17 2
18 7
19 84
20 80
21 44
22 1
23 55
24 0
25 53
26 54
27 77
28 18
29 35
30 13
31 9
32 60
33 20
34 52
35 67
36 73
37 17
38 85
39 3
40 27
41 86
42 70
43 49
44 11
45 81
46 51
47 66
48 41
49 39
50 64
51 29
52 59
53 19
54 33
55 72
56 56
57 34
58 57
59 43
60 46
61 5
62 32
63 10
64 8
65 65
66 22
67 31
68 61
69 58
70 48
71 74
72 40
73 79
74 26
75 75
76 69
77 71
78 47
79 78
80 28
81 63
82 76
83 42
84 83
85 62
86 23
