0 17
1 22
2 25
3 26
4 31
5 30
6 19
7 27
8 36
9 37
10 39
11 40
12 20
13 47
14 54
15 57
16 58
17 69
18 102
19 103
20 53
21 106
22 101
23 108
24 119
25 118
26 112
27 131
28 122
29 138
30 136
31 135
32 140
33 150
34 155
35 156
36 161
37 162
38 166
39 170
40 172
41 159
42 178
43 186
44 190
45 180
46 195
47 144
48 127
49 272
50 21
51 286
52 279
53 344
54 123
55 364
56 361
57 400
58 404
59 241
60 421
61 410
62 437
63 451
64 463
65 407
66 495
67 413
68 509
69 527
70 530
71 276
72 551
73 607
74 734
75 750
76 710
77 735
78 800
79 793
80 840
81 908
82 460
83 914
84 921
85 1050
86 1142
87 1196
88 1343
89 1376
90 780
91 1344
92 1412
93 1435
94 1346
95 689
96 1411
97 1923
98 1431
99 682
100 681
101 680
102 636
103 2239
104 2438
105 462
106 2554
107 2684
108 2643
109 2747
110 2756
111 2758
112 2417
113 2548
114 2852
115 2853
116 2882
117 128
118 2321
119 1877
120 3216
121 3195
122 3306
123 3373
124 3402
125 3092
126 3450
127 3497
128 684
129 726
130 991
131 3650
132 3496
133 3834
134 3822
135 3342
136 2563
137 4323
138 4320
139 3729
140 3730
141 5008
142 5150
143 3578
144 4969
145 3085
146 5800
147 5323
148 6087
149 5623
