7427 7099 34 0
7628 7627 34 0
239 80 5 0
3671 1337 4 0
29036 26441 30 0
17086 197 7 0
2511 2584 4 0
3615 40 4 0
9804 40 4 0
1945 40 4 0
26502 211 4 0
5582 4691 25 0
16568 33036 68 0
7192 26441 30 0
131 40 4 0
93 1337 4 0
6045 6086 35 0
27094 27027 35 0
16498 23106 52 0
5917 1853 4 0
15626 8 7 0
93 5297 27 0
1553 1611 21 0
1082 8 66 0
29382 26441 30 0
9308 1482 21 0
15601 4399 71 0
10077 40 4 0
100 5584 4 0
904 1641 52 0
1609 1610 21 0
545 40 4 0
78 16505 10 0
7099 7427 35 0
1394 1395 35 0
10041 40 4 0
23116 3611 52 0
23514 211 4 0
7096 7099 35 0
30555 23122 52 0
10528 33003 68 0
9727 1482 21 0
1388 200 4 0
35461 8342 4 0
1065 40 4 0
6876 138 13 0
2733 6470 32 0
10081 40 4 0
3671 502 4 0
34300 26286 52 0
6701 1561 52 0
100 40 4 0
9869 40 4 0
2168 35650 10 0
996 33 7 0
1633 22103 4 0
9693 40 4 0
1019 1365 13 0
20027 30078 25 0
407 502 4 0
5334 40 4 0
7369 15333 30 0
24795 26441 30 0
7639 211 4 0
2842 1061 4 0
665 664 4 0
20628 30079 25 0
2538 33003 68 0
26835 8393 4 0
12928 6354 30 0
34299 26286 52 0
9467 6866 32 0
26648 27747 34 0
16558 5193 21 0
28931 3156 16 0
21183 1396 27 0
1655 200 4 0
22711 4286 27 0
658 40 4 0
18402 26441 30 0
25627 109 55 0
9614 40 4 0
23077 6701 52 0
32959 200 4 0
19292 211 4 0
26648 27749 35 0
1440 44 4 0
4411 1043 27 0
18621 33686 10 0
27747 26648 35 0
3645 40 4 0
89 1387 21 0
3611 1561 52 0
19418 30000 25 0
3626 28810 34 0
1090 40 4 0
3156 1209 21 0
7429 14831 30 0
32971 1546 4 0
32729 168 7 0
30382 211 4 0
9274 33003 68 0
6877 138 13 0
2064 1959 6 0
10036 40 4 0
24264 211 4 0
35327 6461 52 0
29385 26441 30 0
18900 30027 25 0
4597 5618 3 0
15784 15783 34 0
7347 23206 34 0
1710 1708 27 0
25877 211 4 0
17697 1209 21 0
84 85 6 0
23436 23445 35 0
10774 4399 71 0
7546 14831 30 0
6837 12799 10 0
5362 5346 25 0
7305 26441 30 0
21183 3917 27 0
15783 15784 35 0
