29911 6043 30 1
10264 1209 21 1
3 23348 60 1
10543 20978 30 1
297 291 9 1
6502 33595 6 1
27637 26441 30 1
2060 1209 21 1
15593 20978 30 1
16012 1209 21 1
1358 646 4 1
27390 6553 36 1
3331 463 4 1
3307 34717 4 1
895 5584 4 1
35297 19466 52 1
503 34717 4 1
10278 1209 21 1
1391 122 7 1
38401 5 0 1
12201 35502 21 1
828 395 8 1
30393 211 4 1
34464 5436 4 1
17210 1209 21 1
27752 5452 30 1
17886 1209 21 1
40938 20978 30 1
8866 34707 38 1
20202 30027 25 1
2836 1209 21 1
362 5065 44 1
4487 22277 52 1
15692 1462 21 1
9462 1209 21 1
116 646 4 1
9430 6470 32 1
2774 23352 60 1
6802 23106 4 1
5598 5485 25 1
7190 26441 30 1
17603 1209 21 1
5486 5374 25 1
1059 1396 27 1
1439 1387 21 1
11945 573 7 1
5505 5374 25 1
9787 40 4 1
1550 4338 32 1
3367 463 4 1
33092 211 4 1
23320 35051 4 1
38678 20978 30 1
16498 23106 4 1
3334 463 4 1
35785 20978 30 1
3332 1699 4 1
39886 39875 82 1
20725 26441 30 1
24967 211 4 1
17751 140 0 1
31074 211 4 1
32206 211 4 1
3358 463 4 1
5675 39424 21 1
1714 34790 20 1
35863 34650 4 1
19291 211 4 1
10760 5257 12 1
2282 35484 7 1
1047 1040 13 1
17443 1209 21 1
14718 31271 52 1
4802 20978 30 1
3567 463 4 1
19686 30053 25 1
35298 23092 4 1
10851 23015 21 1
2057 23349 60 1
676 91 27 1
17365 1209 21 1
30479 211 4 1
1800 5 7 1
9541 40 4 1
17965 1209 21 1
34149 34150 46 1
5950 1464 4 1
5390 211 4 1
110 1337 4 1
24384 23490 30 1
10612 3407 17 1
1949 6044 22 1
15094 1612 21 1
6492 14413 52 1
5338 1209 21 1
17507 873 0 1
5673 1209 21 1
190 5584 4 1
7200 10940 36 1
38568 20978 30 1
3324 62 5 1
3 23350 60 1
37109 20978 30 1
2858 43 27 1
35201 5436 4 1
1088 34209 77 1
37037 20978 30 1
35750 20978 30 1
34072 33681 46 1
1043 4658 27 1
11908 1209 21 1
27476 211 4 1
34742 10 0 1
30167 211 4 1
12869 39163 10 1
27587 5452 30 1
28239 3424 30 1
3338 463 4 1
30350 211 4 1
1797 124 5 1
40760 20978 30 1
10454 1209 21 1
20530 30079 25 1
31485 829 44 1
678 91 27 1
20212 8365 25 1
382 1337 4 1
38658 20978 30 1
20261 30027 25 1
2503 16572 3 1
5 171 13 1
5615 34130 4 1
35982 20978 30 1
1721 1078 27 1
35572 33033 30 1
850 5584 4 1
1194 5584 4 1
10505 1209 21 1
1954 1387 21 1
34202 19582 52 1
29466 211 4 1
11396 1209 21 1
12267 1209 21 1
35130 20978 30 1
6328 1209 21 1
23457 20978 30 1
9249 5173 14 1
17181 1209 21 1
34974 20978 30 1
1087 1086 27 1
894 4961 21 1
674 5584 4 1
5208 4338 32 1
6052 3635 25 1
17805 184 7 1
3 23351 60 1
30603 211 4 1
9473 23116 21 1
7619 14831 30 1
9372 111 19 1
11781 1209 21 1
18845 3707 25 1
1031 4658 27 1
679 91 27 1
1710 502 4 1
2991 23349 60 1
6884 4919 57 1
20304 30061 25 1
180 1337 4 1
10657 1209 21 1
15630 1209 21 1
24609 211 4 1
9932 1387 21 1
1437 5584 4 1
34975 20978 30 1
28154 6819 30 1
1421 40 4 1
34888 1388 0 1
29876 30901 30 1
8206 211 4 1
5555 4009 14 1
16552 6491 30 1
33085 211 4 1
24296 5452 30 1
30233 14831 30 1
34248 5436 4 1
10774 20978 30 1
3272 33843 4 1
438 611 44 1
5009 309 6 1
32 1841 4 1
4802 32542 45 1
1290 99 0 1
6358 33984 68 1
31122 23348 60 1
13388 5584 4 1
1232 91 27 1
17231 1209 21 1
31349 211 4 1
19277 211 4 1
5573 2563 21 1
4931 5374 25 1
1104 1103 27 1
1051 4658 27 1
1554 35218 38 1
790 20886 4 1
23151 20978 30 1
26244 5530 52 1
19510 5504 25 1
25753 33 66 1
11754 1209 21 1
29373 211 4 1
7768 126 55 1
10110 1209 21 1
5293 1209 21 1
182 40 4 1
3718 3635 25 1
32762 32 44 1
27817 211 4 1
17208 1209 21 1
34149 34111 71 1
503 40 4 1
636 1593 4 1
24886 109 55 1
36923 20978 30 1
10247 1209 21 1
5014 1209 21 1
33062 8428 52 1
3279 162 9 1
34848 20978 30 1
30257 211 4 1
11311 1209 21 1
17164 1209 21 1
37161 23092 4 1
850 40 4 1
11387 1209 21 1
42455 23106 4 1
11809 99 7 1
27240 26441 30 1
18469 17089 36 1
25846 211 4 1
9917 1209 21 1
5608 5584 4 1
26495 211 4 1
3502 1699 4 1
37160 12601 36 1
671 91 27 1
5232 4338 32 1
5345 35544 4 1
1715 8394 10 1
859 100 12 1
17244 1209 21 1
3327 463 4 1
8409 1209 21 1
29673 26441 30 1
6172 1209 21 1
34145 164 27 1
6877 4875 13 1
9177 23178 60 1
16642 1209 21 1
15868 33 70 1
35944 20978 30 1
17678 29999 25 1
30900 211 4 1
5646 4773 22 1
900 23178 60 1
4652 1950 24 1
1059 3917 27 1
285 40 4 1
1057 2846 4 1
30939 211 4 1
10546 20978 30 1
40813 33905 18 1
93 4734 27 1
1090 35051 4 1
276 5584 4 1
38359 20978 30 1
29726 17363 36 1
10695 1482 21 1
17451 23965 68 1
26160 8428 52 1
29855 211 4 1
5653 1209 21 1
30607 211 4 1
39874 39875 82 1
16527 5584 4 1
3353 34161 4 1
23029 23015 21 1
19418 29999 25 1
16692 19 6 1
6796 6797 12 1
37816 20978 30 1
35511 31000 52 1
10862 1209 21 1
3474 1841 4 1
3390 463 4 1
27685 26441 30 1
41098 23106 4 1
3338 646 4 1
11530 1586 17 1
16631 33 7 1
5740 1209 21 1
1055 4658 27 1
17299 1209 21 1
39045 730 13 1
9309 26298 64 1
39908 20978 30 1
18747 1209 21 1
3796 762 4 1
5583 1209 21 1
11583 1209 21 1
3330 463 4 1
9921 1209 21 1
30763 211 4 1
17600 1209 21 1
7724 26441 30 1
6367 4804 32 1
11571 23020 21 1
5614 5584 4 1
3440 646 4 1
40436 31054 49 1
7021 23959 68 1
344 40 4 1
38375 20978 30 1
10529 35502 21 1
4401 1209 21 1
2020 211 4 1
1041 4863 27 1
1042 4658 27 1
9853 40 4 1
727 206 13 1
16812 16862 35 1
11220 1209 21 1
28531 8849 36 1
685 91 27 1
9070 211 4 1
675 91 27 1
5920 6044 22 1
5609 5584 4 1
3490 1699 4 1
25845 211 4 1
38564 20978 30 1
9473 1508 21 1
6596 12400 38 1
29134 26441 30 1
17543 4833 25 1
20006 30137 25 1
14942 1953 27 1
37977 23106 4 1
22327 5526 14 1
11219 1535 21 1
2802 1337 4 1
23650 23961 52 1
9776 1209 21 1
9372 1586 17 1
10894 1209 21 1
1315 33 7 1
1051 168 13 1
2111 1209 21 1
5135 20978 30 1
647 40 4 1
9540 1209 21 1
844 26441 30 1
33089 211 4 1
10544 20978 30 1
4422 6986 4 1
2839 1209 21 1
10779 20978 30 1
33091 211 4 1
34286 5436 4 1
4827 4833 25 1
9426 35640 68 1
23535 42893 75 1
28078 26441 30 1
32473 211 4 1
10867 16610 63 1
10755 1209 21 1
3472 1841 4 1
855 5584 4 1
34357 762 52 1
4080 1209 21 1
37085 20978 30 1
3496 15724 4 1
16883 16862 34 1
18253 1209 21 1
10255 1209 21 1
20008 30027 25 1
17467 8 7 1
31017 211 4 1
3319 1699 4 1
6054 3707 25 1
3109 313 27 1
10498 184 7 1
9638 35502 21 1
3314 34717 4 1
9911 1209 21 1
42593 34182 0 1
20010 6986 4 1
916 135 7 1
10538 1209 21 1
34969 35613 30 1
37782 20978 30 1
15816 1209 21 1
17256 1535 21 1
30555 23122 4 1
35348 23092 4 1
32944 33960 4 1
18247 1209 21 1
39383 20978 30 1
6227 1209 21 1
645 162 9 1
18750 1209 21 1
2719 2715 34 1
30789 26441 30 1
34458 35777 4 1
2031 35515 20 1
5174 3150 25 1
3671 34375 4 1
1553 35502 21 1
10609 23015 21 1
94 646 4 1
1949 1610 21 1
9314 16496 21 1
18046 1209 21 1
30884 211 4 1
33721 322 6 1
30613 211 4 1
16862 16812 34 1
17256 4804 32 1
9436 4605 6 1
20201 30027 25 1
4689 36196 38 1
10409 1209 21 1
39045 169 13 1
1849 40 4 1
27301 18772 36 1
11184 1209 21 1
35125 20978 30 1
39159 20978 30 1
23112 5 7 1
2733 5193 21 1
1632 23349 60 1
34605 5436 4 1
1961 1535 21 1
1336 23962 68 1
30520 40 4 1
5204 26226 10 1
27703 211 4 1
273 40 4 1
28823 17425 36 1
1391 19537 21 1
34001 20978 30 1
34287 5436 4 1
35752 20978 30 1
38302 20978 30 1
1492 5584 4 1
4802 34064 45 1
31025 211 4 1
16553 1387 21 1
33602 4338 32 1
13 23349 60 1
17143 1535 21 1
9433 33023 73 1
15834 211 4 1
5585 1337 4 1
3344 463 4 1
4675 1209 21 1
7759 21024 30 1
22097 8400 14 1
29726 11258 36 1
27390 7097 36 1
1657 34674 10 1
18666 1209 21 1
38666 20978 30 1
33880 35423 86 1
5920 2891 22 1
4 40 4 1
38360 20978 30 1
11439 16614 3 1
15521 33048 38 1
5650 1950 24 1
24242 10864 36 1
9767 1209 21 1
35948 20978 30 1
6243 1209 21 1
1053 4658 27 1
27340 11622 36 1
1133 6866 32 1
612 2057 44 1
33147 616 52 1
30439 211 4 1
4942 4530 52 1
39044 4658 27 1
8596 10 7 1
2671 5974 24 1
4941 33825 31 1
952 16393 38 1
17387 1209 21 1
39009 20978 30 1
33054 572 27 1
42470 41578 99 1
21015 20978 30 1
34301 26286 56 1
28866 26441 30 1
30431 211 4 1
3604 1699 4 1
11858 1209 21 1
12291 4561 6 1
5938 11742 36 1
16583 1209 21 1
2620 1641 52 1
8378 8379 32 1
38914 20978 30 1
18500 1209 21 1
3014 23349 60 1
1217 463 4 1
5031 2562 21 1
25642 33 66 1
25135 211 4 1
3704 40 4 1
15779 15780 52 1
1550 1387 21 1
26298 34916 4 1
743 4196 32 1
29178 211 4 1
5033 6470 32 1
39020 20978 30 1
15094 35324 10 1
34989 20978 30 1
1462 616 4 1
26158 5 0 1
34843 20978 30 1
8811 40 4 1
27475 12519 15 1
11349 1209 21 1
35349 23092 4 1
7489 6819 30 1
38018 23106 4 1
8897 1209 21 1
10393 1209 21 1
15747 90 27 1
169 200 4 1
30526 34717 4 1
3576 40 4 1
5838 26250 38 1
34300 26286 56 1
12320 855 44 1
11332 1209 21 1
100 502 4 1
35142 20978 30 1
17268 1209 21 1
15437 1209 21 1
3333 463 4 1
13066 322 6 1
997 1337 4 1
20809 10 0 1
35129 20978 30 1
30478 211 4 1
35196 20978 30 1
14398 3 7 1
31188 211 4 1
27155 13905 49 1
35967 20978 30 1
37219 20978 30 1
30238 211 4 1
34234 5436 4 1
16435 1209 21 1
9573 5 7 1
4 62 5 1
817 5584 4 1
4955 23116 21 1
299 40 4 1
19 5584 4 1
38665 20978 30 1
30699 4734 27 1
5545 3 0 1
18790 1209 21 1
9467 1942 18 1
261 5584 4 1
39047 4658 27 1
10142 131 6 1
206 4658 27 1
24208 26441 30 1
17175 1209 21 1
19911 29999 25 1
790 40 4 1
1153 23020 21 1
10248 4338 32 1
21017 34569 31 1
35055 23209 56 1
8802 40 4 1
3899 4196 32 1
30647 211 4 1
2271 33 7 1
16553 9297 3 1
2010 1209 21 1
192 5584 4 1
39045 727 13 1
10477 444 6 1
11215 1209 21 1
18621 40975 10 1
6262 1209 21 1
739 185 13 1
23449 20978 30 1
10105 40 4 1
30766 211 4 1
15983 17601 36 1
1525 33 7 1
16360 19 6 1
28796 211 4 1
423 4658 27 1
17129 1209 21 1
2240 20886 4 1
10988 12901 21 1
30472 211 4 1
30883 211 4 1
323 5127 8 1
3542 1841 4 1
20415 30027 25 1
3354 463 4 1
29867 211 4 1
38103 20978 30 1
2862 43 27 1
33652 131 41 1
421 127 27 1
9788 40 4 1
35786 20978 30 1
42385 23106 4 1
4645 1209 21 1
9297 1209 21 1
16582 111 92 1
6067 4691 25 1
12998 1209 21 1
116 4445 4 1
7099 28 80 1
895 40 4 1
131 348 44 1
35904 10 0 1
251 5584 4 1
9897 1209 21 1
3348 463 4 1
27390 9346 36 1
16825 1209 21 1
670 316 27 1
2719 2584 10 1
39347 5436 4 1
31091 211 4 1
17668 1209 21 1
1 34884 34 1
1485 4338 32 1
29849 26441 30 1
1704 143 13 1
1964 5584 4 1
455 40 4 1
225 5584 4 1
9199 1482 21 1
4013 4012 30 1
7608 11533 15 1
20830 211 4 1
910 5584 4 1
25588 5 66 1
11411 1209 21 1
9304 23284 12 1
29186 9395 36 1
17806 1209 21 1
38990 20978 30 1
28292 8853 16 1
11557 1209 21 1
3334 40 4 1
41319 36043 52 1
22418 21600 14 1
6806 762 4 1
82 646 4 1
19708 30062 25 1
4992 158 27 1
356 183 27 1
21014 20978 30 1
3353 463 4 1
11913 1209 21 1
5015 1209 21 1
19484 30048 25 1
161 1066 13 1
11235 1209 21 1
5652 1575 21 1
5613 40 4 1
39045 4658 27 1
34736 10 0 1
1306 1387 21 1
3523 1841 4 1
34966 5436 4 1
3338 1841 4 1
34210 5436 4 1
335 4177 32 1
23136 5584 4 1
35045 33905 18 1
168 140 13 1
18469 3937 36 1
133 23349 60 1
9903 33 7 1
30480 211 4 1
18547 1209 21 1
27669 11518 36 1
40576 39875 82 1
30382 30901 4 1
41755 23106 4 1
122 23346 60 1
6450 5193 21 1
1954 9120 21 1
35760 20978 30 1
9359 2061 23 1
5481 4530 52 1
5033 109 92 1
36921 20978 30 1
24372 30803 49 1
10607 1209 21 1
39043 20978 30 1
30885 211 4 1
12250 1209 21 1
20860 211 4 1
728 1337 4 1
2217 1420 20 1
30216 211 4 1
15701 1209 21 1
1023 4658 27 1
11110 1209 21 1
34117 20978 30 1
9755 1209 21 1
1710 34717 4 1
4492 1209 21 1
34263 5436 4 1
14391 1209 21 1
18904 30027 25 1
35136 20978 30 1
4383 2061 17 1
13891 20978 30 1
10641 17746 14 1
35000 20978 30 1
20813 5452 30 1
8857 34454 17 1
25645 33 66 1
2897 444 6 1
3671 4023 4 1
38543 20978 30 1
40935 33843 4 1
3529 1841 4 1
4558 6461 50 1
17089 1209 21 1
5665 3701 6 1
20031 30027 25 1
12424 1209 21 1
40396 20978 30 1
35126 20978 30 1
34309 20978 30 1
12535 879 6 1
40333 20978 30 1
4265 4266 3 1
31059 211 4 1
2562 3611 52 1
27066 211 4 1
9623 33 7 1
9473 2563 21 1
17216 1209 21 1
27858 26441 30 1
9372 111 92 1
10644 4810 32 1
6971 20978 30 1
5820 33003 87 1
5311 5296 27 1
3605 646 4 1
531 124 5 1
35164 10540 4 1
17722 30031 25 1
101 33843 4 1
35751 20978 30 1
11083 1209 21 1
31485 925 44 1
11029 1209 21 1
30391 211 4 1
19605 30011 25 1
155 160 9 1
714 708 89 1
11040 1209 21 1
4618 1209 21 1
10520 1209 21 1
31358 7 27 1
39265 20978 30 1
7219 28 80 1
4728 1209 21 1
5912 158 27 1
26659 30099 25 1
2019 26441 30 1
9473 1987 21 1
34977 20978 30 1
19395 30011 25 1
1634 463 4 1
25742 211 4 1
3304 34717 4 1
19111 211 4 1
2015 1209 21 1
3605 37057 4 1
17083 7091 63 1
3111 23350 60 1
34404 5436 4 1
4375 5584 4 1
192 191 27 1
35538 22421 52 1
37098 20978 30 1
3330 1841 4 1
33660 33972 4 1
6837 26226 10 1
10255 19 6 1
185 1066 13 1
29090 211 4 1
35625 20978 30 1
155 33 70 1
3430 438 27 1
29004 26441 30 1
32650 4750 35 1
3278 2562 21 1
30309 30310 4 1
537 1337 4 1
113 1209 21 1
362 5584 4 1
157 4658 27 1
6071 4691 25 1
650 910 8 1
2023 9935 36 1
6475 35536 69 1
8021 34639 30 1
11191 1209 21 1
10913 995 17 1
30610 211 4 1
39171 20978 30 1
8904 2007 7 1
17061 34405 77 1
17163 1209 21 1
50 1121 10 1
132 33670 4 1
4808 14831 30 1
9505 1583 17 1
30612 211 4 1
29803 14831 30 1
11236 33713 38 1
1657 3271 21 1
21033 5215 75 1
7111 762 4 1
3474 1699 4 1
1198 91 27 1
1528 3700 7 1
29268 11264 36 1
24886 126 55 1
26342 329 44 1
27390 7102 36 1
8376 4919 57 1
7530 14831 30 1
3328 463 4 1
1553 8426 21 1
34631 616 4 1
10133 23349 60 1
2112 1612 21 1
8342 3425 4 1
12158 1209 21 1
17058 3600 21 1
38288 20978 30 1
1058 4658 27 1
33086 211 4 1
141 1066 13 1
11834 1209 21 1
10179 2880 21 1
9908 33 7 1
27628 211 4 1
26652 26441 30 1
10528 1387 21 1
17799 1209 21 1
39191 33687 4 1
30224 211 4 1
27365 26441 30 1
5320 36196 38 1
10768 1209 21 1
3713 3707 25 1
24678 14831 30 1
947 40 4 1
20009 30079 25 1
14345 1209 21 1
5914 33023 73 1
9273 1209 21 1
9637 40 4 1
1024 4658 27 1
15367 1209 21 1
34978 20978 30 1
3537 1337 4 1
23150 20978 30 1
17180 1209 21 1
11374 1209 21 1
33067 1687 52 1
3606 7051 44 1
30449 211 4 1
10254 1209 21 1
1516 625 14 1
9505 8 7 1
911 40 4 1
40253 20978 30 1
4786 13 6 1
16553 1209 21 1
3908 34182 7 1
13649 1209 21 1
4802 5 0 1
3599 1699 4 1
5613 5584 4 1
71 459 27 1
17092 1209 21 1
4375 34138 4 1
3597 1209 21 1
1641 21002 52 1
7344 14831 30 1
16694 1209 21 1
11831 2057 6 1
30312 211 4 1
3453 1699 4 1
438 1794 44 1
680 91 27 1
33999 20978 30 1
13549 1209 21 1
5157 33036 68 1
18657 1209 21 1
9466 131 12 1
3279 161 13 1
39046 4658 27 1
9815 40 4 1
34221 5436 4 1
18101 12037 63 1
12249 35102 38 1
16421 192 12 1
30771 32994 44 1
30889 211 4 1
10960 4338 32 1
3739 1209 21 1
3152 1387 21 1
1040 4658 27 1
5353 5346 25 1
5652 4 6 1
21041 1615 16 1
11939 17097 63 1
27997 5327 36 1
41419 388 0 1
5290 2869 6 1
19293 211 4 1
952 1209 21 1
1981 12901 21 1
2096 906 6 1
38781 20978 30 1
26527 6888 21 1
33087 211 4 1
5555 629 14 1
5594 151 27 1
3475 1699 4 1
10023 40 4 1
17824 3798 25 1
118 33520 17 1
9631 34274 77 1
33873 616 4 1
3088 1337 4 1
28847 21024 30 1
17179 2815 6 1
7060 4338 32 1
19 20886 4 1
27390 10254 36 1
5555 3710 14 1
34981 20978 30 1
8812 40 4 1
10334 2061 17 1
23436 5 66 1
10483 1209 21 1
5728 1209 21 1
3317 31360 27 1
8914 34464 77 1
5015 19 6 1
29127 13905 49 1
4384 5584 4 1
35749 20978 30 1
10814 1209 21 1
38091 20978 30 1
4468 1209 21 1
5152 40896 30 1
34985 20978 30 1
503 1337 4 1
13767 10 7 1
7007 14413 52 1
17745 1209 21 1
4700 1209 21 1
9911 696 7 1
17372 1209 21 1
18194 1209 21 1
30878 211 4 1
11473 1209 21 1
15372 1209 21 1
3492 1699 4 1
36922 20978 30 1
24143 26441 30 1
11906 1209 21 1
68 23349 60 1
5692 1387 21 1
5136 20978 30 1
35737 5436 4 1
883 31016 4 1
12080 1209 21 1
11719 1209 21 1
132 40 4 1
28267 12316 15 1
35131 20978 30 1
1845 33 7 1
9854 40 4 1
1947 34374 4 1
4741 5215 75 1
4721 1209 21 1
24929 211 4 1
30321 211 4 1
39040 20978 30 1
17921 1209 21 1
4563 1209 21 1
9922 1387 21 1
1090 1337 4 1
244 5584 4 1
37834 4658 27 1
16561 1209 22 1
7390 7185 35 1
1954 1612 21 1
1033 4658 27 1
9966 1209 21 1
110 15724 4 1
18581 1209 21 1
13388 3072 44 1
5883 1209 21 1
16553 10810 3 1
5607 5584 4 1
3316 1841 4 1
30997 211 4 1
31095 211 4 1
149 1337 4 1
11608 1482 21 1
2964 34209 77 1
16498 33967 52 1
10079 40 4 1
4383 8 7 1
34395 20978 30 1
23433 20978 30 1
7479 30 80 1
9527 1209 21 1
1957 1337 4 1
31485 40 4 1
9308 22183 23 1
6865 6864 18 1
5570 1209 21 1
1223 33453 32 1
9673 40 4 1
1228 91 27 1
3453 15724 4 1
25748 211 4 1
34838 35591 45 1
8821 4234 27 1
2942 8 7 1
17291 1209 21 1
31190 211 4 1
5384 211 4 1
5509 5374 25 1
6028 1209 21 1
38401 4400 27 1
10695 30132 17 1
8997 13620 16 1
1633 4445 4 1
31046 122 7 1
28531 10187 36 1
3472 15724 4 1
5586 5584 4 1
16179 2240 8 1
24100 26441 30 1
17243 1209 21 1
34522 20978 30 1
35258 10 0 1
6074 4691 25 1
11221 1209 21 1
24512 26441 30 1
1949 23093 22 1
2864 43 27 1
372 1387 21 1
5876 19 6 1
34299 26286 56 1
17975 1209 21 1
12518 1209 21 1
222 5584 4 1
30307 211 4 1
3349 463 4 1
30574 211 4 1
438 546 44 1
17119 1209 21 1
30804 16322 27 1
12100 1209 21 1
158 5584 4 1
284 40 4 1
6426 1209 21 1
27683 26441 30 1
9503 17799 2 1
6355 6354 30 1
2301 40522 77 1
563 23350 60 1
3440 40 4 1
35149 20978 30 1
8389 22781 57 1
648 1293 64 1
41320 20978 30 1
30177 211 4 1
438 262 44 1
17130 1209 21 1
20258 29999 25 1
6569 1655 7 1
21022 211 4 1
10836 34454 17 1
926 91 27 1
11679 23015 21 1
24143 37524 30 1
10179 9043 21 1
5132 20978 30 1
3471 1699 4 1
31485 658 44 1
6625 4338 32 1
35766 34143 52 1
1204 91 27 1
1570 1387 21 1
15983 13138 36 1
9359 6470 31 1
3514 1699 4 1
227 5584 4 1
20972 10 0 1
4196 868 4 1
1429 23349 60 1
7480 211 4 1
141 1291 33 1
17495 1209 21 1
1795 1796 8 1
177 5584 4 1
5269 40 4 1
1840 463 4 1
569 184 27 1
10024 40 4 1
10744 2562 21 1
1047 4304 13 1
4324 488 33 1
16862 16883 35 1
12800 26244 52 1
30252 211 4 1
14161 1209 21 1
333 1066 13 1
4718 1209 21 1
1132 21367 12 1
276 40 4 1
33851 211 4 1
9681 22183 17 1
9789 40 4 1
40339 20978 30 1
30804 16322 89 1
4013 4006 30 1
9308 22183 17 1
677 91 27 1
30374 211 4 1
382 20886 4 1
5219 4478 6 1
3760 616 4 1
239 124 5 1
34269 5436 4 1
13020 1209 21 1
7657 211 4 1
30320 211 4 1
4712 33994 30 1
22576 207 7 1
35223 7149 52 1
30880 211 4 1
176 1337 4 1
388 1919 4 1
40804 20978 30 1
34982 20978 30 1
35952 20978 30 1
33803 23510 56 1
34430 35567 4 1
15879 1209 21 1
5746 1209 21 1
18851 3798 25 1
30964 1209 21 1
31192 211 4 1
38101 20978 30 1
8890 4810 32 1
10201 1209 21 1
3351 463 4 1
30920 211 4 1
4633 1209 21 1
149 40 4 1
30600 211 4 1
9309 33 7 1
32496 211 4 1
492 40 4 1
16038 1209 21 1
10220 346 27 1
13370 1364 6 1
9419 149 12 1
14924 1209 21 1
265 40 4 1
10694 5376 14 1
17318 3021 6 1
11192 6470 32 1
24264 1457 36 1
26250 23209 56 1
35268 20978 30 1
2240 1337 4 1
689 23349 60 1
1912 35484 7 1
8959 211 4 1
30879 211 4 1
39501 33687 4 1
34222 5436 4 1
34310 20978 30 1
438 231 44 1
3440 1337 4 1
10447 1942 18 1
30347 211 4 1
5217 1462 21 1
28547 211 4 1
5258 868 4 1
3974 1209 21 1
591 5584 4 1
35134 20978 30 1
36492 6986 4 1
93 502 4 1
9466 33 7 1
37812 8797 4 1
25872 211 4 1
16775 16812 35 1
13695 20978 30 1
24678 6819 30 1
4217 1387 21 1
38097 20978 30 1
7423 14831 30 1
19582 1577 52 1
62 26706 56 1
91 33604 34 1
1700 463 4 1
9621 40 4 1
9473 1477 21 1
1950 23978 93 1
27808 4263 37 1
5204 3760 21 1
4193 1209 21 1
33995 20978 30 1
23453 20978 30 1
33090 211 4 1
3321 1699 4 1
40100 35269 30 1
30158 211 4 1
155 126 9 1
3909 26250 38 1
10931 1209 21 1
23146 20978 30 1
1164 109 19 1
20402 30061 25 1
39045 4304 13 1
15791 1209 21 1
1356 463 4 1
16981 30058 25 1
3893 40 4 1
17519 1209 21 1
40304 20978 30 1
16861 1209 21 1
14405 40 4 1
29526 26441 30 1
35103 1655 0 1
10238 1209 21 1
10957 1209 21 1
355 452 9 1
29063 26441 30 1
22154 35418 86 1
3384 1387 21 1
11571 23015 21 1
40772 35903 4 1
34979 20978 30 1
259 5584 4 1
24633 6803 30 1
3275 12400 38 1
24343 6195 36 1
7347 14831 30 1
16551 5551 38 1
30255 1209 21 1
1059 1337 4 1
12724 1209 21 1
11330 1209 21 1
7152 211 4 1
673 1220 13 1
5600 1209 21 1
5460 664 4 1
11527 1209 21 1
18312 35024 10 1
20693 762 4 1
30342 211 4 1
15334 1209 21 1
110 5584 4 1
24264 9818 36 1
3376 463 4 1
38565 20978 30 1
29550 3156 16 1
10929 33554 17 1
3512 1841 4 1
10827 1209 21 1
35542 8338 4 1
87 230 44 1
7489 14831 30 1
164 5584 4 1
3644 415 27 1
17400 1209 21 1
39520 211 4 1
34458 35567 4 1
18361 1209 21 1
1728 26226 10 1
13830 19427 14 1
35782 33033 30 1
7426 14831 30 1
10822 10540 4 1
6835 542 27 1
8960 211 4 1
1950 1464 4 1
3470 15724 4 1
6478 3631 27 1
9419 1507 21 1
5978 1535 21 1
286 570 9 1
9890 1209 21 1
35350 23092 4 1
141 1290 33 1
35947 20978 30 1
12156 35201 77 1
2277 34260 77 1
25672 211 4 1
997 40 4 1
1148 40 4 1
2538 34182 7 1
910 40 4 1
3152 33998 21 1
20982 211 4 1
15509 1387 21 1
11356 1209 21 1
27890 211 4 1
4028 1209 21 1
35218 23106 4 1
19962 30027 25 1
39169 20978 30 1
1052 1051 89 1
38182 20978 30 1
27475 3921 15 1
35953 20978 30 1
2889 7066 6 1
672 91 27 1
40343 20978 30 1
8805 40 4 1
35673 31041 52 1
131 1605 44 1
22766 165 7 1
17061 1209 21 1
35663 20978 30 1
12439 1209 21 1
196 5584 4 1
17639 1209 21 1
33968 33967 52 1
35341 5436 4 1
27317 28342 34 1
19113 211 4 1
5554 138 0 1
2168 32957 10 1
969 2891 22 1
5608 40 4 1
5856 1209 21 1
18434 109 55 1
31202 211 4 1
2118 34004 21 1
79 5584 4 1
1729 110 27 1
4247 572 27 1
8716 1209 21 1
11940 1209 21 1
9420 7 6 1
32 4445 4 1
870 34717 4 1
35271 20978 30 1
3335 463 4 1
17234 1209 21 1
19292 30901 4 1
13225 1209 21 1
669 23348 60 1
11503 1209 21 1
11095 1209 21 1
19392 147 0 1
14419 1209 21 1
26216 33048 38 1
8853 1387 21 1
2628 29990 38 1
19294 211 4 1
34847 15965 71 1
6367 1209 21 1
208 124 13 1
1148 1337 4 1
28080 14831 30 1
30882 211 4 1
6568 39431 77 1
30224 30901 30 1
7091 1209 21 1
19061 4833 25 1
7357 14831 30 1
6384 1209 21 1
26519 6819 30 1
3353 15724 4 1
682 5584 4 1
11472 1209 21 1
6444 7 29 1
191 1066 13 1
776 865 6 1
3508 1699 4 1
3715 3716 25 1
19584 4763 34 1
35641 20978 30 1
19537 33843 4 1
29726 7136 36 1
5309 2584 4 1
263 5584 4 1
11267 1209 21 1
30596 211 4 1
40684 23106 4 1
322 40 4 1
12655 1209 21 1
34086 8338 4 1
9463 1209 21 1
37160 32754 36 1
4890 5584 4 1
9377 1209 21 1
6430 1209 21 1
9287 1987 21 1
35148 20978 30 1
38821 20978 30 1
10551 615 21 1
34267 23092 4 1
98 5584 4 1
5890 1209 21 1
25794 211 4 1
4802 15655 45 1
19552 29997 25 1
6581 1209 21 1
11202 1209 21 1
30392 211 4 1
1047 206 13 1
15098 1209 21 1
17471 1209 21 1
11459 1209 21 1
1047 4658 27 1
3576 1337 4 1
9288 2563 21 1
7175 15333 30 1
5397 12901 21 1
1057 20886 4 1
985 1387 21 1
34836 20978 30 1
5572 4691 25 1
35320 5436 4 1
4603 5584 4 1
4036 5584 4 1
6139 1209 21 1
34295 570 19 1
333 34080 13 1
10609 23020 21 1
5415 34478 30 1
18920 30058 25 1
9281 1 7 1
145 26706 56 1
8807 40 4 1
3346 463 4 1
35959 20978 30 1
2061 1953 27 1
14396 5522 34 1
648 41521 64 1
17281 1209 21 1
35014 20978 30 1
11353 4773 21 1
2497 3389 6 1
3571 1699 4 1
7636 6819 30 1
12320 2009 44 1
9309 35484 7 1
4558 10 7 1
33040 33634 4 1
3711 3707 25 1
87 4 44 1
24886 291 55 1
8806 40 4 1
23625 33020 68 1
894 9043 21 1
18431 14117 36 1
4368 12474 36 1
17507 30027 25 1
34214 5436 4 1
10603 6866 32 1
791 20886 4 1
6046 14417 48 1
4594 140 7 1
4734 61 27 1
273 5584 4 1
40803 20978 30 1
24633 11715 36 1
574 22271 27 1
26918 26441 30 1
17211 1209 21 1
5576 135 0 1
1570 1690 21 1
4397 1209 21 1
82 1337 4 1
11608 956 6 1
10440 1209 21 1
11486 4 12 1
648 20795 64 1
166 5584 4 1
3266 6044 22 1
8183 211 4 1
1047 1022 13 1
18752 1209 21 1
5152 14831 30 1
335 26325 38 1
8809 40 4 1
9311 1 7 1
13055 1209 21 1
27047 14831 30 1
34061 20978 30 1
13 77 5 1
17545 1209 21 1
17168 1209 21 1
2168 35285 10 1
13464 1209 21 1
18302 1209 21 1
34988 20978 30 1
12078 0 12 1
10707 1535 21 1
5999 2845 6 1
25821 211 4 1
30432 211 4 1
5277 5584 4 1
7 5584 4 1
1030 1221 35 1
1250 91 27 1
7883 33994 30 1
110 646 4 1
30237 211 4 1
27693 26441 30 1
7022 1209 21 1
167 77 13 1
19112 211 4 1
29186 211 4 1
249 5584 4 1
8351 211 4 1
263 40 4 1
8762 6866 32 1
31184 211 4 1
18622 1209 21 1
42797 34650 4 1
496 12400 38 1
5632 736 27 1
688 1482 21 1
5522 14396 35 1
2168 33008 10 1
4811 40 4 1
782 368 89 1
1607 5584 4 1
1025 4658 27 1
3496 1699 4 1
23614 5215 75 1
11201 4196 32 1
526 77 5 1
7100 1209 21 1
11735 1209 21 1
18958 30020 25 1
27103 34639 30 1
10446 1575 21 1
9549 18256 3 1
33633 35072 52 1
30171 211 4 1
31187 211 4 1
17420 1209 21 1
8140 211 4 1
33088 211 4 1
19102 26441 30 1
10450 6029 63 1
30484 211 4 1
13866 1 7 1
12728 1209 21 1
810 910 44 1
22 995 17 1
290 40 4 1
30874 211 4 1
22347 5584 4 1
9262 1535 21 1
27152 6819 30 1
1530 2891 22 1
23528 7114 36 1
6729 1209 21 1
4653 1209 21 1
5011 33365 30 1
11051 1209 21 1
9387 1387 21 1
13384 1209 21 1
20350 762 4 1
8810 40 4 1
17379 10 7 1
5935 1209 21 1
194 1066 13 1
424 4658 27 1
35966 20978 30 1
5989 12780 10 1
4260 33770 21 1
6205 1209 21 1
40381 20978 30 1
1358 1337 4 1
10446 23525 23 1
111 31016 4 1
34272 5436 4 1
11477 1209 21 1
1476 31016 4 1
15692 23020 21 1
2074 164 12 1
1125 1337 4 1
39034 20978 30 1
3345 463 4 1
16127 5599 14 1
38674 20978 30 1
3362 463 4 1
6365 1209 21 1
35528 33033 30 1
6309 1535 21 1
30689 38 0 1
9501 1508 21 1
132 5584 4 1
1022 4658 27 1
11511 6071 14 1
20591 762 4 1
9623 35502 21 1
33905 35418 86 1
27521 26441 30 1
30287 211 4 1
16761 1209 21 1
547 532 13 1
947 5584 4 1
40534 40795 82 1
31085 211 4 1
7308 9276 36 1
2970 1337 4 1
5510 5374 25 1
1122 1974 13 1
32879 10 0 1
3473 1699 4 1
8220 211 4 1
7082 29328 13 1
39372 20978 30 1
27221 6819 30 1
8750 1209 21 1
17738 1209 21 1
9526 40 4 1
927 23352 60 1
9473 1535 21 1
16025 17287 3 1
3502 15724 4 1
41257 23105 4 1
6434 33713 38 1
38983 20978 30 1
31073 211 4 1
35839 10540 4 1
5062 4734 27 1
207 40 4 1
11024 1209 21 1
4506 1313 18 1
16556 1209 21 1
4652 1688 21 1
5 165 13 1
2 6 27 1
33082 211 4 1
14117 34323 77 1
105 1482 21 1
30353 211 4 1
9467 4338 32 1
16975 1209 21 1
7039 4002 52 1
7347 28810 35 1
3316 62 5 1
4979 1337 4 1
299 20886 4 1
9386 1209 21 1
35152 20978 30 1
7060 35667 77 1
18176 34405 77 1
1059 2846 4 1
23786 1209 21 1
3 23349 60 1
12721 17162 3 1
55 23349 60 1
1840 1841 4 1
5919 8 7 1
9478 1655 7 1
34901 436 27 1
31924 211 4 1
10582 4338 32 1
17601 1209 21 1
3307 40 4 1
14000 1209 21 1
3340 463 4 1
37183 20978 30 1
10283 1209 21 1
8751 14823 3 1
19452 135 0 1
9043 616 4 1
36181 20978 30 1
29726 11800 36 1
4215 41241 21 1
19858 29997 25 1
11433 1655 7 1
17357 10 7 1
21375 30043 25 1
35193 20978 30 1
3326 1841 4 1
3576 646 4 1
1093 1092 27 1
10255 19 12 1
322 5584 4 1
2064 669 6 1
42734 20978 30 1
19278 211 4 1
33084 211 4 1
35435 33 0 1
20709 30069 25 1
23545 1209 21 1
18261 1209 21 1
22349 321 0 1
6596 8900 38 1
3343 463 4 1
1569 32741 52 1
10579 1209 21 1
4781 16393 38 1
27713 13905 49 1
16938 1209 21 1
30646 211 4 1
27213 14831 30 1
5975 5976 15 1
16862 5249 49 1
1553 35595 21 1
16145 1209 21 1
348 5584 4 1
17285 1209 21 1
28271 211 4 1
5930 33036 68 1
3470 1699 4 1
30669 211 4 1
3266 33 7 1
6351 6819 30 1
8808 40 4 1
35122 20978 30 1
927 1337 4 1
6267 1209 21 1
508 4338 32 1
23456 20978 30 1
3801 3707 25 1
23495 35073 4 1
4467 1209 21 1
17953 449 6 1
6938 6939 51 1
131 1065 44 1
28648 9859 16 1
35143 20978 30 1
9459 23020 21 1
36103 20978 30 1
31011 1018 27 1
10245 1209 21 1
0 40 4 1
172 5584 4 1
35442 32959 76 1
35754 20978 30 1
1065 5584 4 1
7423 6819 30 1
8271 1209 21 1
1527 20978 30 1
29583 14831 30 1
5335 1209 21 1
10660 1209 21 1
29726 11091 36 1
3359 463 4 1
650 1593 28 1
3674 4338 32 1
7788 10 66 1
30873 211 4 1
3297 34717 4 1
29278 211 4 1
10851 23020 21 1
39010 20978 30 1
10760 1209 21 1
26343 40 4 1
27221 14831 30 1
3316 463 4 1
32729 1101 6 1
5978 1209 21 1
6143 591 12 1
23448 20978 30 1
15497 1209 21 1
894 2880 21 1
281 234 9 1
6439 1209 21 1
420 91 27 1
5668 35486 21 1
1961 1209 21 1
23023 1209 21 1
123 5584 4 1
9312 22183 17 1
1553 35594 21 1
37106 20978 30 1
39885 39875 82 1
5218 616 4 1
24 5584 4 1
16950 1209 21 1
17445 1209 21 1
4266 4265 3 1
5650 4 12 1
2528 34884 7 1
2240 34717 4 1
947 1111 44 1
5702 5696 63 1
35119 20978 30 1
30193 211 4 1
112 4804 32 1
27152 14831 30 1
36924 20978 30 1
22329 19343 14 1
132 34717 4 1
38405 38008 30 1
25714 211 4 1
30164 211 4 1
40570 5 7 1
5144 1482 21 1
1341 463 4 1
17990 1209 21 1
35150 20978 30 1
3923 1209 21 1
148 385 9 1
30769 211 4 1
13607 1209 21 1
5320 1209 21 1
3568 463 4 1
17367 1209 21 1
30481 211 4 1
1768 4 12 1
35054 23209 56 1
12320 3071 44 1
37321 5436 4 1
2182 110 27 1
30616 211 4 1
936 727 27 1
9603 207 7 1
1019 445 13 1
94 40 4 1
30322 211 4 1
1246 5584 4 1
25436 211 4 1
6358 1387 21 1
23968 1209 21 1
31340 211 4 1
31097 211 4 1
1949 2891 22 1
3122 316 27 1
11805 1209 21 1
22329 19395 14 1
34199 34174 46 1
23943 14831 30 1
57 23349 60 1
5668 615 21 1
3307 1337 4 1
1122 1970 13 1
7390 7387 34 1
11739 1209 21 1
26573 26441 30 1
4395 1209 21 1
2168 35069 10 1
34311 20978 30 1
1045 4658 27 1
3391 463 4 1
8375 176 6 1
201 5584 4 1
3934 2637 6 1
