0 0
1 45
2 21
3 36
4 66
5 92
6 109
7 14
8 4
9 6
10 76
11 30
12 91
13 25
14 96
15 65
16 15
17 67
18 50
19 94
20 7
21 12
22 52
23 37
24 10
25 56
26 97
27 84
28 80
29 1
30 44
31 54
32 127
33 82
34 77
35 53
36 123
37 75
38 13
39 9
40 60
41 16
42 73
43 17
44 55
45 57
46 89
47 27
48 85
49 49
50 90
51 41
52 38
53 86
54 105
55 29
56 133
57 11
58 81
59 128
60 103
61 3
62 102
63 88
64 98
65 46
66 18
67 43
68 68
69 39
70 64
71 108
72 72
73 113
74 112
75 118
76 79
77 35
78 23
79 70
80 20
81 33
82 34
83 99
84 101
85 24
86 130
87 131
88 47
89 32
90 95
91 117
92 132
93 59
94 31
95 2
96 8
97 129
98 69
99 122
100 119
101 61
102 100
103 58
104 19
105 40
106 5
107 63
108 26
109 124
110 78
111 71
112 87
113 125
114 22
115 62
116 104
117 106
118 120
119 121
120 74
121 126
122 48
123 107
124 93
125 115
126 111
127 42
128 51
129 110
130 114
131 83
132 28
133 116
